76.59329411764705 -67.41564705882352
218.3365 -31.069250000000004
158.964 -30.20200000000001
85.06138461538463 -30.761076923076917
189.51870588235295 -35.930705882352946
200.874 -57.705529411764715
147.68341176470588 -56.853882352941184
42.06146666666667 -38.28880000000001
171.58929411764706 -54.398
262.1697647058823 -65.85117647058824
107.68512500000001 -70.62650000000001
56.28270588235294 -71.20694117647058
227.76811764705883 -56.0564705882353
245.39870588235294 -39.29247058823529
127.214 -35.061882352941176
266.91400000000004 -37.036352941176474
