76.59329411764705 -67.41564705882352 0
218.3365 -31.069250000000004 10
158.964 -30.20200000000001 6
85.06138461538463 -30.761076923076917 8
189.51870588235295 -35.930705882352946 5
200.874 -57.705529411764715 12
147.68341176470588 -56.853882352941184 9
42.06146666666667 -38.28880000000001 15
171.58929411764706 -54.398 13
262.1697647058823 -65.85117647058824 1
107.68512500000001 -70.62650000000001 4
56.28270588235294 -71.20694117647058 2
227.76811764705883 -56.0564705882353 14
245.39870588235294 -39.29247058823529 3
127.214 -35.061882352941176 7
266.91400000000004 -37.036352941176474 11
