84.034 -74.438 - 84.034 -79.518
129.754 -57.928 - 134.834 -57.928
160.234 -61.484 - 160.234 -57.928
180.554 -57.928 - 185.634 -57.928
211.034 -57.928 - 216.114 -57.928
241.514 -61.484 - 246.594 -57.928
266.914 -57.928 - 261.834 -47.768
256.754 -33.29 - 256.754 -43.45
236.434 -29.574 - 231.354 -33.29
205.954 -33.29 - 200.874 -33.29
175.474 -33.29 - 175.474 -29.574
144.994 -33.29 - 139.914 -33.29
114.006 -29.4 - 94.006 -34.4
65.786 -24.892 - 59.436 -30.226
60.158 -48.53 - 60.158 -51.07
60.158 -66.31 - 75.398 -71.39
